id=87858
type=1,randStartPhase=0
forceZeroStart=0
numSounds=0
numSprites=6
numSlots=0
offset=(0.000000,0.000000)
startPause=0.000000
animParam=0.000000 0.000000 0.000000 0.000000 0.000000 0.000000 (7.000000,-7.000000) 0.000000 0.000000 0.187500 0.031250 0.479167 1.000000 0.000000 0.000000 0.000000 0.000000 1.000000 0.000000
offset=(0.000000,0.000000)
startPause=0.000000
animParam=0.000000 0.000000 0.000000 0.000000 0.000000 0.000000 (7.000000,-7.000000) 0.000000 0.000000 0.187500 0.031250 0.218750 1.000000 0.000000 0.000000 0.000000 0.000000 1.000000 0.000000
offset=(0.000000,0.000000)
startPause=0.000000
animParam=0.000000 0.000000 0.000000 0.000000 0.000000 0.000000 (5.000000,-8.000000) 0.000000 0.000000 0.562500 0.041667 0.447917 1.000000 0.000000 0.000000 0.000000 0.000000 1.000000 0.000000
offset=(0.000000,0.000000)
startPause=0.000000
animParam=0.000000 0.000000 0.000000 0.000000 0.000000 0.000000 (-8.000000,-5.000000) 0.000000 0.000000 0.375000 0.062500 0.000000 1.000000 0.000000 0.000000 0.000000 0.000000 1.000000 0.000000
offset=(0.000000,0.000000)
startPause=0.000000
animParam=0.000000 0.000000 0.000000 0.000000 0.000000 0.000000 (0.000000,0.000000) 0.000000 0.000000 0.000000 0.000000 0.000000 1.000000 0.000000 0.000000 0.000000 0.000000 1.000000 0.000000
offset=(0.000000,0.000000)
startPause=0.000000
animParam=0.000000 0.000000 0.000000 0.000000 0.000000 0.000000 (0.000000,0.000000) 0.000000 0.000000 0.000000 0.000000 0.000000 1.000000 0.000000 0.000000 0.000000 0.000000 1.000000 0.000000