id=87924
type=0,randStartPhase=0
forceZeroStart=0
numSounds=0
numSprites=12
numSlots=2
offset=(0.000000,0.000000)
startPause=0.000000
animParam=0.312500 0.000000 0.000000 0.250000 5.333333 0.000000 (-103.000000,39.000000) 0.000000 0.000000 0.250000 0.072917 0.000000 1.000000 0.000000 0.000000 0.000000 0.000000 1.000000 0.000000
offset=(0.000000,0.000000)
startPause=0.000000
animParam=0.000000 0.000000 0.000000 0.000000 0.000000 0.000000 (0.000000,0.000000) 0.000000 0.000000 0.000000 0.000000 0.000000 1.000000 0.000000 0.000000 0.000000 0.000000 1.000000 0.000000
offset=(0.000000,0.000000)
startPause=0.000000
animParam=0.312500 0.000000 0.000000 0.250000 5.333333 0.000000 (40.000000,0.000000) 0.000000 0.000000 0.250000 0.072917 0.500000 1.000000 0.000000 0.000000 0.000000 0.000000 1.000000 0.000000
offset=(0.000000,0.000000)
startPause=0.000000
animParam=0.312500 0.000000 0.000000 0.250000 5.333333 0.000000 (-45.000000,-10.000000) 0.000000 0.000000 0.250000 0.072917 0.000000 1.000000 0.000000 0.000000 0.000000 0.000000 1.000000 0.000000
offset=(0.000000,0.000000)
startPause=0.000000
animParam=0.000000 0.000000 0.000000 0.000000 0.000000 0.000000 (0.000000,0.000000) 0.000000 0.000000 0.000000 0.000000 0.000000 1.000000 0.000000 0.000000 0.000000 0.000000 1.000000 0.000000
offset=(0.000000,0.000000)
startPause=0.000000
animParam=0.312500 0.000000 0.000000 0.250000 5.333333 0.000000 (0.000000,0.000000) 0.000000 0.000000 0.250000 0.010417 0.000000 1.000000 0.000000 0.000000 0.000000 0.000000 1.000000 0.000000
offset=(0.000000,0.000000)
startPause=0.000000
animParam=0.312500 0.000000 0.000000 0.250000 5.333333 0.000000 (0.000000,0.000000) 0.000000 0.000000 0.250000 0.010417 0.000000 1.000000 0.000000 0.000000 0.000000 0.000000 1.000000 0.000000
offset=(0.000000,0.000000)
startPause=0.000000
animParam=0.312500 0.000000 0.000000 0.250000 5.333333 0.000000 (0.000000,0.000000) 0.000000 0.000000 0.250000 0.010417 0.000000 1.000000 0.000000 0.000000 0.000000 0.000000 1.000000 0.000000
offset=(0.000000,0.000000)
startPause=0.000000
animParam=0.000000 0.000000 0.000000 0.000000 0.000000 0.000000 (0.000000,0.000000) 0.000000 0.000000 0.000000 0.000000 0.000000 1.000000 0.000000 0.000000 0.000000 0.000000 1.000000 0.000000
offset=(0.000000,0.000000)
startPause=0.000000
animParam=0.312500 0.000000 0.000000 0.250000 5.333333 0.000000 (0.000000,-10.000000) 0.000000 0.000000 0.250000 0.010417 0.000000 1.000000 0.000000 0.000000 0.000000 0.000000 1.000000 0.000000
offset=(0.000000,0.000000)
startPause=0.000000
animParam=0.312500 0.000000 0.000000 0.250000 5.333333 0.000000 (0.000000,-10.000000) 0.000000 0.000000 0.250000 0.010417 0.000000 1.000000 0.000000 0.000000 0.000000 0.000000 1.000000 0.000000
offset=(0.000000,0.000000)
startPause=0.000000
animParam=0.312500 0.000000 0.000000 0.250000 5.333333 0.000000 (0.000000,0.000000) 0.000000 0.000000 0.250000 0.010417 0.000000 1.000000 0.000000 0.000000 0.000000 0.000000 1.000000 0.000000
offset=(0.000000,0.000000)
startPause=0.000000
animParam=0.000000 0.000000 0.000000 0.000000 0.000000 0.000000 1.000000 0.000000
offset=(0.000000,0.000000)
startPause=0.000000
animParam=0.000000 0.000000 0.000000 0.000000 0.000000 0.000000 1.000000 0.000000